566   
575   
50    
558   
133   
670   
84    
910   
894   
581   
98    
628   
129   
187   
288   
569   
685   
256   
218   
777   
778   
672   
500   
449   
23    
745   
766   
11    
179   
174   
741   
507   
689   
405   
575   
317   
817   
816   
45    
509   
712   
666   
32    
572   
552   
766   
902   
465   
491   
463   
589   
340   
602   
898   
899   
316   
677   
341   
502   
702   
939   
801   
464   
7     
273   
270   
776   
891   
376   
435   
719   
578   
446   
596   
855   
541   
43    
507   
380   
313   
301   
338   
202   
528   
411   
489   
301   
895   
249   
726   
300   
985   
925   
250   
104   
312   
36    
218   
225   
765   
768   
268   
951   
706   
430   
416   
737   
836   
740   
17    
732   
57    
778   
822   
245   
407   
542   
786   
872   
897   
226   
257   
94    
577   
648   
89    
116   
730   
836   
431   
350   
442   
219   
259   
56    
837   
414   
787   
232   
220   
383   
101   
108   
23    
458   
489   
272   
18    
896   
906   
179   
174   
211   
514   
575   
762   
344   
408   
91    
717   
760   
374   
454   
564   
566   
901   
417   
726   
534   
221   
731   
534   
463   
921   
314   
454   
468   
253   
427   
194   
913   
203   
993   
208   
791   
953   
372   
686   
775   
683   
670   
286   
578   
715   
727   
386   
271   
620   
689   
223   
477   
369   
645   
613   
586   
597   
745   
577   
733   
923   
521   
422   
521   
808   
907   
507   
752   
684   
91    
568   
651   
789   
550   
463   
491   
131   
592   
559   
391   
405   
68    
307   
49    
288   
729   
440   
838   
99    
181   
252   
738   
125   
727   
992   
680   
501   
597   
223   
613   
209   
98    
178   
345   
767   
601   
792   
989   
337   
276   
461   
413   
327   
431   
164   
279   
488   
672   
636   
116   
550   
803   
641   
190   
4     
443   
440   
624   
644   
232   
866   
490   
815   
331   
252   
95    
15    
986   
979   
927   
161   
855   
588   
279   
707   
846   
870   
77    
638   
642   
73    
851   
873   
988   
950   
989   
307   
815   
974   
463   
605   
665   
106   
874   
481   
604   
702   
711   
130   
677   
926   
363   
189   
189   
92    
1     
176   
174   
432   
957   
749   
259   
692   
721   
488   
270   
446   
647   
720   
230   
920   
325   
970   
628   
398   
248   
426   
14    
430   
229   
268   
283   
542   
214   
575   
704   
567   
439   
580   
229   
512   
267   
666   
804   
400   
418   
136   
302   
185   
441   
902   
123   
890   
307   
339   
114   
789   
676   
247   
436   
352   
277   
585   
545   
153   
98    
140   
193   
371   
538   
280   
795   
808   
361   
57    
524   
525   
462   
90    
510   
617   
443   
255   
931   
184   
841   
932   
893   
37    
939   
789   
477   
427   
723   
795   
908   
741   
608   
613   
392   
877   
61    
101   
139   
999   
82    
941   
279   
628   
503   
646   
785   
510   
413   
399   
11    
250   
314   
513   
830   
448   
503   
604   
21    
603   
589   
524   
262   
693   
102   
773   
49    
937   
967   
388   
193   
554   
510   
693   
905   
516   
109   
421   
504   
241   
277   
319   
787   
941   
710   
654   
95    
270   
247   
269   
560   
379   
282   
871   
140   
816   
974   
769   
543   
475   
342   
501   
94    
275   
215   
41    
829   
818   
660   
509   
404   
549   
422   
397   
698   
319   
810   
709   
749   
118   
550   
505   
449   
664   
724   
89    
698   
718   
391   
634   
56    
687   
98    
951   
939   
899   
252   
887   
496   
130   
519   
639   
625   
291   
744   
430   
381   
525   
137   
542   
637   
207   
527   
194   
862   
846   
872   
911   
939   
745   
838   
744   
436   
605   
319   
639   
675   
609   
97    
848   
874   
508   
567   
431   
934   
833   
323   
997   
93    
977   
858   
900   
107   
397   
720   
346   
824   
810   
251   
490   
637   
593   
450   
907   
904   
612   
144   
683   
64    
52    
26    
830   
956   
254   
431   
961   
995   
967   
487   
595   
707   
710   
277   
675   
203   
873   
279   
26    
305   
163   
328   
204   
601   
71    
642   
341   
93    
361   
942   
831   
368   
115   
53    
160   
462   
296   
465   
591   
743   
165   
651   
872   
340   
576   
27    
567   
722   
657   
91    
28    
955   
933   
582   
642   
240   
253   
115   
354   
283   
627   
712   
365   
848   
901   
211   
296   
433   
229   
249   
179   
796   
963   
469   
343   
391   
89    
571   
785   
436   
96    
250   
215   
389   
323   
87    
807   
970   
652   
391   
993   
747   
492   
290   
696   
535   
493   
138   
851   
480   
903   
662   
703   
410   
275   
97    
301   
960   
870   
151   
97    
763   
720   
817   
770   
655   
536   
713   
607   
432   
626   
529   
927   
559   
592   
423   
766   
350   
777   
767   
17    
652   
735   
175   
625   
125   
752   
263   
475   
241   
89    
133   
94    
285   
424   
587   
623   
169   
652   
42    
160   
132   
566   
521   
168   
489   
62    
506   
360   
516   
713   
711   
959   
759   
715   
348   
731   
902   
867   
63    
196   
693   
725   
322   
480   
514   
346   
210   
142   
298   
433   
346   
860   
845   
114   
168   
868   
824   
911   
853   
640   
926   
576   
626   
361   
188   
512   
357   
698   
786   
946   
700   
553   
180   
637   
798   
337   
701   
389   
570   
256   
665   
630   
637   
319   
807   
231   
944   
510   
339   
829   
320   
318   
4     
226   
207   
139   
134   
564   
569   
570   
589   
507   
832   
572   
922   
964   
963   
50    
578   
333   
716   
93    
876   
876   
271   
886   
643   
896   
991   
155   
195   
650   
459   
436   
196   
529   
781   
966   
218   
489   
61    
466   
392   
467   
180   
151   
870   
897   
2     
902   
902   
397   
742   
957   
723   
528   
203   
247   
656   
644   
14    
515   
523   
424   
766   
653   
219   
177   
229   
579   
365   
771   
310   
849   
613   
479   
551   
717   
476   
537   
136   
370   
396   
58    
37    
940   
915   
629   
672   
283   
162   
66    
199   
880   
953   
224   
562   
853   
550   
349   
814   
464   
32    
263   
260   
592   
661   
247   
947   
126   
857   
594   
546   
526   
54    
138   
182   
613   
9     
618   
312   
536   
309   
72    
678   
638   
263   
362   
603   
564   
864   
307   
364   
827   
960   
13    
890   
880   
735   
937   
702   
604   
407   
422   
376   
906   
851   
449   
800   
384   
282   
868   
681   
744   
137   
631   
781   
450   
698   
307   
952   
842   
95    
578   
491   
721   
801   
501   
657   
745   
925   
88    
379   
319   
564   
579   
331   
789   
387   
942   
840   
128   
819   
666   
226   
454   
860   
983   
263   
591   
569   
87    
753   
265   
988   
746   
789   
147   
37    
342   
330   
314   
596   
772   
442   
563   
498   
408   
446   
177   
257   
619   
612   
594   
399   
829   
286   
828   
671   
249   
343   
229   
987   
896   
936   
299   
824   
766   
582   
610   
120   
300   
677   
631   
62    
263   
310   
108   
484   
382   
158   
48    
209   
20    
858   
872   
801   
991   
644   
911   
752   
762   
764   
391   
809   
148   
552   
524   
530   
497   
810   
995   
73    
978   
394   
483   
293   
614   
44    
599   
729   
693   
192   
999   
943   
123   
339   
585   
904   
127   
366   
480   
656   
611   
659   
644   
557   
383   
306   
427   
735   
14    
418   
406   
832   
36    
830   
632   
996   
400   
586   
806   
409   
971   
162   
957   
567   
412   
181   
145   
359   
335   
345   
864   
832   
556   
389   
848   
833   
744   
872   
185   
995   
901   
693   
232   
725   
526   
589   
901   
815   
828   
121   
708   
522   
429   
378   
398   
194   
657   
526   
170   
513   
617   
603   
706   
291   
746   
764   
567   
968   
926   
952   
489   
446   
361   
230   
27    
437   
430   
349   
162   
366   
976   
827   
476   
881   
724   
565   
703   
704   
16    
198   
904   
967   
246   
195   
134   
222   
541   
708   
245   
979   
804   
174   
66    
142   
308   
28    
319   
507   
471   
64    
959   
475   
961   
397   
311   
492   
111   
606   
692   
523   
410   
188   
543   
838   
595   
16    
642   
644   
26    
376   
404   
766   
427   
336   
575   
598   
53    
977   
674   
572   
118   
499   
477   
633   
776   
260   
281   
568   
653   
245   
316   
99    
278   
367   
150   
422   
57    
472   
636   
756   
461   
646   
963   
618   
684   
567   
896   
821   
805   
74    
444   
449   
35    
320   
815   
537   
754   
116   
694   
941   
936   
8     
42    
189   
214   
259   
455   
512   
127   
169   
55    
571   
362   
645   
701   
731   
225   
918   
917   
5     
733   
741   
31    
303   
363   
427   
703   
529   
641   
530   
382   
284   
860   
292   
606   
638   
97    
564   
678   
432   
343   
304   
402   
498   
243   
938   
829   
208   
352   
503   
531   
615   
518   
886   
386   
678   
481   
476   
2     
331   
410   
558   
1     
384   
387   
592   
388   
651   
860   
722   
324   
429   
226   
489   
746   
756   
220   
773   
296   
942   
820   
745   
411   
44    
777   
807   
36    
113   
141   
38    
507   
514   
956   
642   
682   
173   
270   
279   
803   
139   
925   
467   
433   
689   
544   
450   
868   
583   
163   
732   
253   
481   
298   
574   
357   
292   
817   
302   
553   
660   
752   
437   
144   
108   
91    
289   
676   
670   
78    
81    
65    
904   
873   
909   
918   
929   
255   
415   
981   
588   
876   
628   
419   
160   
424   
452   
466   
913   
486   
350   
723   
868   
441   
506   
528   
166   
169   
298   
663   
664   
12    
330   
398   
273   
980   
282   
788   
336   
465   
352   
130   
854   
943   
14    
514   
525   
22    
400   
411   
448   
466   
722   
509   
727   
567   
677   
620   
324   
215   
206   
91    
625   
639   
859   
278   
405   
356   
54    
858   
821   
385   
776   
834   
798   
802   
73    
689   
995   
656   
841   
176   
736   
558   
275   
792   
494   
126   
388   
229   
408   
618   
860   
49    
901   
24    
368   
380   
637   
614   
246   
373   
409   
263   
820   
136   
860   
789   
116   
721   
14    
217   
231   
348   
382   
33    
467   
534   
905   
810   
724   
155   
223   
271   
109   
904   
65    
837   
496   
642   
750   
956   
845   
138   
787   
59    
790   
126   
391   
454   
532   
81    
482   
185   
734   
583   
587   
402   
798   
516   
409   
408   
50    
355   
365   
601   
426   
482   
589   
835   
759   
858   
947   
266   
110   
920   
926   
388   
45    
421   
203   
345   
344   
542   
487   
211   
760   
327   
793   
432   
804   
678   
437   
441   
329   
726   
896   
298   
652   
855   
430   
909   
847   
499   
662   
335   
863   
829   
822   
664   
271   
95    
337   
749   
646   
457   
649   
756   
201   
660   
128   
676   
302   
25    
313   
932   
437   
826   
312   
293   
142   
233   
81    
168   
442   
151   
444   
302   
687   
672   
461   
540   
539   
76    
514   
438   
279   
581   
318   
427   
510   
168   
960   
475   
933   
458   
740   
896   
842   
398   
739   
297   
262   
404   
668   
674   
44    
673   
516   
392   
907   
555   
818   
745   
323   
555   
326   
729   
810   
509   
418   
314   
186   
302   
380   
104   
113   
11    
520   
574   
862   
606   
960   
837   
933   
255   
794   
664   
321   
961   
433   
655   
553   
797   
563   
352   
780   
253   
746   
193   
281   
90    
892   
503   
693   
700   
465   
865   
508   
770   
980   
301   
724   
851   
521   
678   
735   
501   
896   
819   
607   
28    
623   
890   
465   
753   
370   
189   
455   
37    
947   
921   
798   
768   
102   
747   
747   
372   
22    
717   
734   
560   
721   
164   
135   
204   
188   
877   
335   
593   
655   
471   
444   
820   
38    
845   
449   
694   
270   
434   
774   
877   
843   
758   
252   
651   
740   
828   
814   
491   
549   
429   
978   
917   
432   
983   
567   
744   
717   
183   
984   
686   
757   
31    
17    
11    
495   
440   
183   
152   
146   
200   
371   
228   
205   
81    
509   
544   
112   
45    
155   
179   
81    
165   
63    
197   
229   
509   
976   
661   
289   
173   
170   
574   
422   
275   
118   
338   
334   
461   
84    
531   
646   
372   
701   
481   
155   
365   
555   
163   
582   
128   
489   
529   
820   
941   
188   
64    
639   
656   
769   
931   
205   
702   
490   
914   
837   
437   
947   
379   
371   
604   
250   
778   
844   
346   
409   
73    
759   
720   
427   
75    
49    
122   
216   
169   
47    
942   
874   
667   
475   
92    
386   
70    
390   
333   
576   
872   
884   
119   
126   
6     
296   
276   
329   
811   
757   
117   
718   
965   
707   
251   
259   
498   
885   
339   
839   
691   
549   
421   
841   
683   
838   
155   
529   
501   
177   
70    
183   
144   
387   
391   
336   
902   
714   
124   
928   
921   
725   
219   
650   
515   
553   
771   
273   
92    
365   
153   
527   
387   
610   
761   
268   
797   
567   
384   
656   
884   
565   
315   
169   
451   
706   
324   
645   
90    
230   
309   
903   
165   
966   
640   
585   
340   
253   
783   
748   
132   
673   
769   
485   
228   
281   
279   
566   
753   
629   
194   
690   
813   
798   
980   
337   
565   
780   
716   
319   
498   
106   
96    
143   
570   
73    
579   
836   
190   
684   
405   
722   
567   
383   
111   
381   
883   
942   
103   
477      
488      
18        
673      
112      
613      
197       
265      
252      
3        
742       
746      
677      
445      
242      
744      
748      
23       
343      
905      
867      
772      
763      
665      
558       
407      
194      
541       
690      
747      
538      
698      
920      
861      
631      
573      
536      
205      
631       
300      
192      
133      
331       
432      
456      
931      
840      
318      
863      
795      
213      
323      
812      
931      
835      
487      
790      
502      
196      
617      
581      
834      
941      
756        
297      
620      
96       
125      
175      
247      
586      
662      
202      
336      
202      
314      
295       
433      
721      
670      
341      
776      
291      
564      
765      
98       
817      
836      
313      
976      
601      
91       
596      
850      
714      
189      
62        
756      
803      
250      
438      
613      
816      
923      
487      
964      
699      
981      
471      
781       
527      
126       
344      
398      
597      
658      
545      
663      
512      
151      
362      
629      
280       
611      
756      
556       
330      
297      
630      
10       
21       
34       
115      
111      
13        
648      
314      
906      
526      
409      
241      
724      
695      
33        
827      
664      
542      
250       
60       
284      
668      
362      
589      
333      
716      
382      
783      
795      
119       
616      
106      
563      
51       
499      
541      
327      
859      
627      
416      
533      
423      
636      
513      
148      
151      
238      
244      
124      
524      
545      
998      
797      
320      
144      
710      
637      
472      
216      
476      
224      
424      
642      
964      
938      
48       
538      
702      
537      
388      
315      
445      
787      
679      
461      
730      
586      
452      
77       
177      
191      
751      
780      
887      
681      
938      
307      
386      
270      
234       
950      
954      
31       
71       
715      
765      
455      
453      
788      
484      
404      
114       
518      
549       
287      
36       
768      
772      
231       
81       
253      
717      
311      
508      
76       
114      
165      
562      
887      
345      
45       
175       
196      
127      
896      
965      
541      
350      
799      
531      
655      
284      
93       
873      
826      
486      
275      
462      
448      
504      
353      
506      
482      
973      
105        
619      
519      
62       
231      
238      
749      
988      
482      
992      
812      
661       
378       
338      
205      
59       
231      
250      
356      
90       
273      
311      
305      
477       
496      
374      
526       
399      
444      
133      
702      
338      
628      
568      
725      
296      
409      
554      
852      
597      
609      
18       
611      
341      
458      
689      
675      
15       
785      
556      
332       
884        
37       
856      
978      
662      
873      
938      
837      
949      
304      
776      
879      
705      
305      
489      
303      
20       
303      
29       
209      
194      
276      
274       
12       
235      
663      
439      
983      
938      
123      
628      
678      
984      
228      
668      
701      
912      
839      
362      
565      
349      
671      
515      
764      
574      
856      
934      
143      
470      
169      
339      
639      
82       
563      
655      
906      
367      
757      
710      
705      
300       
491      
220      
739      
419      
786      
750      
341      
606      
277       
267      
45       
885      
837       
394      
23       
755      
756      
404      
496      
792      
259      
697      
451       
592      
104      
617      
506      
243      
705      
506      
755      
852      
717      
59       
724      
141       
257      
313      
130      
256       
183      
793      
347      
506      
629      
518      
199      
201      
548      
396       
981      
758      
476      
232      
693      
556      
448      
441       
155      
655      
726      
556      
19       
306      
287      
2         
54       
51       
262      
636      
537      
689      
670      
32       
420      
627      
282      
374      
619      
809      
43       
803      
828      
489      
395      
733       
163      
564      
635      
604      
164      
557      
461      
475      
12       
361      
545      
493      
192      
564      
448      
172       
856      
853      
496       
583      
306      
431      
716      
812      
63       
642      
590      
235      
95       
218      
590      
734      
896      
398      
207      
339      
929      
926      
21        
176      
479      
577      
178      
373       
259      
480       
134      
491      
303      
416      
537      
232      
534      
436      
648      
127      
544      
570      
772      
304      
527      
802      
632      
482      
643      
816      
982      
943      
217      
894      
776      
849      
354      
305      
157      
263      
326      
530      
358      
826      
682      
714       
330      
646      
518      
481      
561      
715      
311      
661      
162      
395       
497      
448      
316      
458      
723      
328      
631      
567      
234      
784      
316      
291      
583      
116      
210      
264      
221      
156      
248      
786       
606       
192       
422      
349      
130      
515      
522      
873      
855      
898      
378      
203      
226      
120      
631      
160      
667      
597      
667       
963      
858      
832      
25       
307      
405       
691      
439      
470       
30       
70       
963      
925      
82       
185       
247      
260      
696      
683      
228      
744      
758      
933      
37       
970      
654      
383       
840      
822      
872      
453       
970       
274      
753      
836      
966      
298      
241      
374      
162      
587      
566      
159      
973      
281      
900      
583      
480      
337      
741      
675      
507      
121      
523      
485      
846      
733      
419       
797      
740      
198      
387       
391      
15       
128      
673      
583       
454      
227      
230      
534      
253      
688      
932      
800      
151      
61       
455      
417      
568      
639      
829      
85       
112      
151      
465      
579       
516      
436      
230      
263      
515       
67       
516      
696      
89       
660      
236      
104      
296      
222      
751      
954      
18       
840      
819      
489      
14       
498      
199      
639      
684       
739      
874      
308      
615      
235      
791      
568      
307      
679      
812       
824      
396       
756      
811      
202      
402      
730      
649      
181       
20       
166      
277      
381      
212      
333      
328       
16       
388      
412      
686      
765      
285      
610      
308      
41       
306      
727      
770      
794       
410      
527      
386      
796      
514      
825      
422      
455      
40       
382      
867      
489      
258      
976      
974      
441      
467      
26       
581      
127      
681      
331      
681      
673      
462      
968      
933      
238      
738      
602      
216      
485      
382      
127      
622      
504      
59       
287      
251      
551      
889      
720      
801      
699      
277      
803      
314      
813      
539      
673      
616      
151      
128      
146        
777      
731      
162      
404      
974      
771      
646      
126      
754      
358      
251      
454      
819      
150      
916       
63       
897      
886      
726       
729      
3        
294      
677      
688      
404      
524      
165      
634      
277      
697      
855      
97       
765      
986      
768      
706      
179      
267       
364      
149      
152      
286      
170      
267      
107      
487        
669      
742      
258      
95       
213      
555      
527      
83       
428      
153      
496      
641       
670      
58       
617      
588      
202      
567      
799      
499      
445      
247      
518      
151      
782      
769      
495      
260      
326      
48       
368      
321      
683      
576      
549       
532       
248      
546      
860      
121      
932      
737      
967       
916      
571      
573      
51       
494      
94       
519      
741      
201      
779      
790       
785      
19       
362      
292      
222      
306      
329      
466      
744      
202      
619      
693       
682      
283      
333      
403        
160      
162      
506      
375      
548       
983      
990      
204      
13       
214      
522      
918      
863      
940      
403      
825      
811       
912      
384      
649      
443      
768      
809      
56       
823      
523      
236      
473      
835      
156      
969      
338      
472      
749      
430      
425      
184      
850      
376      
833      
749      
124      
847      
49        
934      
903      
679      
363      
622      
98       
979      
884      
601       
699      
379      
328      
716      
478      
304      
466      
206      
321      
457      
597      
160      
513      
502      
578      
130      
540      
692      
939      
814       
650      
715      
141      
238      
735      
552      
954       
411      
629      
736      
684      
248      
384      
153      
299      
375      
394      
17       
630      
878      
711      
980      
57       
952      
730      
225      
639      
393      
531      
775      
44       
666      
638      
838      
735      
277      
151      
144      
76       
882      
435      
843      
401       
744      
463      
479      
266      
247      
558      
479       
339      
212       
254      
430      
700      
700      
213      
149      
795      
862      
35       
639      
601      
874      
4        
880      
430      
345      
694      
128      
149       
234      
735      
478      
707      
458      
531       
893      
731      
915      
205      
119      
262      
305      
536      
228      
330      
806      
429      
801      
977      
969      
123      
292      
143      
202      
144      
541      
490      
379       
367      
740      
461      
692       
497      
572      
607      
451      
598      
364      
841      
282      
208      
174      
110      
211      
113      
600      
588      
707      
476      
521      
78       
541      
712      
412      
121      
743      
837      
793      
168      
837      
955      
634      
502      
966      
607      
366      
769      
627      
664      
863      
968      
808      
162      
361      
235      
176      
787      
696      
117      
797      
889      
142      
321      
388      
762      
821      
421      
456      
963      
785      
933      
607      
682      
153       
3        
153      
206      
683      
878      
258      
80       
246      
123      
342      
421      
402      
549      
311       
894      
475      
688      
96       
327      
355      
416      
343      
109      
574      
617      
889      
798      
623       
276      
772      
773       
8        
952      
867      
535       
165      
98       
201      
757      
287      
602      
56       
69       
41       
927      
810      
120      
569      
442      
789      
896       
843      
116      
347       
664      
946      
195      
134      
85       
689      
236      
498       
35       
41       
37       
714      
958      
841      
877      
873      
88       
816      
966      
267      
23       
235      
246       
652      
542      
246      
937      
994       
188      
778      
912      
769      
508      
305      
686      
750      
173      
805      
987      
127      
899       
434      
147      
542       
105      
289      
208      
345      
804      
512      
423      
147      
327        
141       
658      
545      
219      
782      
646      
710      
615      
482       
98       
721      
684      
257      
711      
575      
23       
271      
293        
595      
433      
259       
691      
580      
474      
175      
280      
412      
890      
779      
147      
703      
427      
666      
384      
398       
627      
442      
28       
466      
594      
43       
552      
113      
102      
44       
449      
286      
600      
209      
758      
783      
636      
960      
547      
843      
256      
973        
144      
545      
546      
388        
557      
699      
809      
942      
756      
518      
894      
881      
197      
239      
51       
402      
608      
452      
631      
137      
704      
565      
666      
406      
522       
394      
835      
362       
290      
124      
663       
677      
115      
194      
677      
868      
507      
546      
115      
915      
107      
995      
471      
321      
358      
479      
403      
155      
251      
220      
43       
323      
314      
284      
480      
181      
627      
908      
137      
991      
645      
819      
189      
283      
491      
209       
24       
604      
585      
439       
674       
476       
502      
723      
628      
227      
208      
125      
30       
24       
38       
102      
262      
277      
523      
250      
773      
162      
64       
95       
264      
184      
376      
318      
286      
448      
533      
552      
85       
883      
572      
738       
943      
814      
195      
461      
558      
117      
326      
184      
180      
707      
295      
444      
4         
11       
10       
700       
673      
288      
431      
752      
530      
673      
112      
614      
9        
976      
965      
738      
128      
727       
343      
770      
691      
140      
798      
903      
748       
870      
723      
489      
261      
527      
945      
788      
899       
667      
691      
320      
63       
797      
788      
775      
858      
353      
939      
964      
65       
368      
180      
347      
4        
296       
294      
434       
911      
864      
378      
383      
326      
617      
214      
802      
909      
452      
558      
235      
508      
691      
176       
281      
337      
400      
317      
187       
434      
588      
483      
422      
260      
259      
860      
706      
431      
486      
317       
365      
700      
252      
706      
978      
953      
259      
793      
739       
957      
232      
807      
814      
358      
718       
413      
141      
96       
204      
314      
496      
187      
824      
146      
922      
373       
476      
181      
842      
426      
828      
698      
97       
769      
520      
517      
101      
65       
310      
318      
698      
753       
68       
268      
586      
678      
830      
916      
905      
36       
380      
405      
630      
307      
716      
316      
214      
364      
82       
857      
796      
406      
123      
461      
130      
910      
898      
458      
589      
481      
217      
306      
212      
203      
409       
408      
357      
214      
181      
391      
258      
312      
14       
491      
507      
944      
48        
916      
496      
198      
627      
259      
718      
459      
336      
360       
23       
523      
952      
963      
934      
523      
494      
198      
410      
515      
494       
571      
216      
215      
362      
229      
590      
61       
596      
61       
32       
57       
702      
29       
716      
614      
466      
612      
349      
303      
302      
758      
815      
395       
341      
403      
168      
562      
406      
737      
588      
27       
571      
712      
310      
468      
79       
680      
600      
678      
381      
946      
725      
950      
478       
535      
113      
541      
173      
141      
154      
161      
86       
117      
305      
329      
22       
604      
546      
187      
526      
122      
613      
196      
191      
15       
523      
537      
99        
737      
717      
205      
409      
896      
901      
664      
36       
638      
307      
803      
514      
225      
217      
289      
745      
434      
850      
691      
840       
647      
740      
674      
127      
149      
802      
734      
988       
966      
20       
911      
467      
554      
178      
507      
490      
974       
173      
881      
889      
54       
836      
687      
995      
623      
495      
316      
234      
418      
551      
381      
461      
90        
471      
124      
134      
31       
195      
171      
92       
153      
184      
239      
915      
369      
998      
903      
364      
612      
170      
231      
339      
133      
409      
465      
885      
876      
11       
740      
528      
343      
752       
254       
956       
572      
496      
254      
559      
573      
456      
716      
742      
167      
223       
421      
485      
205      
133       
134      
196      
18        
187      
341       
266      
306      
317      
260      
228      
398      
398      
370      
346      
511      
305      
698      
616      
520      
570      
336       
242      
786      
841      
67       
880      
951      
273      
163      
11       
168      
732      
685      
788      
489      
118      
545      
923       
859      
985      
169      
310      
177      
72       
977      
972      
417      
505      
881      
998      
789      
804      
622      
445      
925      
843      
228      
902       
75       
172      
155      
920       
895       
33       
875      
644      
243       
591      
790      
478      
900      
442       
505      
747       
854      
267      
421      
428      
676      
686      
171      
548        
406      
546      
232      
203      
762      
717      
17       
859      
870      
549      
814      
510      
287      
312      
518      
875      
852      
764      
938      
73       
903      
700      
492      
209      
405      
407       
151      
4        
261      
259      
371      
810      
509      
194      
357      
241      
694      
281      
757      
678      
766      
749      
414      
185       
480      
416      
431      
385      
849      
473      
863      
777      
810      
43       
78       
328      
340      
431      
687      
365      
807      
769      
257      
654       
859      
363      
656      
880      
474      
851      
967      
699      
575      
349      
532      
312      
254      
90       
483      
254      
282      
536      
876      
959      
379      
468      
307      
568      
387      
363      
750      
783      
32       
222      
50       
212      
552      
465       
216      
209      
136       
290      
640      
81       
657      
876      
499      
764      
573      
337      
366      
323      
136      
324      
376
365
156
498
510
25
643
611
545
598
574
193
265
169
128
439
471
157
491
633
840
947
420
653
858
904
576
423
274
279
336
667
467
35
992
981
44
653
683
418
865
859
54
259
267
643
557
175
329
564
805
123
499
555
341
789
797
123
136
82
362
951
843
971
661
387
80
92
141
949
478
801
556
5
558
17
959
942
579
629
59
161
844
736
465
611
959
890
267
881
657
438
905
331
258
196
611
600
736
259
728
578
919
495
915
623
581
90
498
602
191
235
370
366
127
902
985
93
690
655
164
168
86
45
953
924
373
713
486
177
950
831
125
836
825
336
670
792
550
216
720
8
885
894
435
675
261
218
659
823
925
227
911
704
896
597
294
209
110
307
333
514
709
158
601
137
921
828
475
310
274
902
606
829
657
935
703
615
804
380
210
141
265
488
361
413
926
677
473
524
556
660
895
675
846
362
241
487
118
599
509
300
536
511
876
541
960
581
562
64
297
709
550
829
753
991
22
155
151
170
210
307
560
400
600
904
555
676
363
280
556
632
907
482
395
636
889
794
684
843
531
536
487
234
100
292
167
429
482
787
821
252
459
750
522
699
109
588
244
162
340
556
989
956
578
248
539
39
619
618
5
513
509
745
243
754
907
907
900
665
547
135
234
623
698
91
255
218
302
250
389
40
105
77
842
833
346
395
864
717
892
889
217
591
278
794
390
622
984
526
473
381
620
245
655
814
254
865
278
223
154
793
925
617
831
482
362
371
493
714
328
649
456
194
448
257
462
25
454
582
478
168
916
489
426
899
981
799
745
528
906
253
241
228
326
468
300
520
370
624
271
776
559
127
450
460
931
911
331
448
288
683
748
127
834
631
453
394
703
631
327
427
988
689
882
135
911
602
864
352
697
79
668
452
976
762
782
156
826
812
483
866
762
236
640
869
951
493
146
25
150
86
717
638
556
408
240
393
448
100
24
130
147
568
539
193
217
824
905
909
510
701
703
247
606
822
810
139
74
690
646
579
367
428
64
849
808
969
91
939
177
697
745
356
387
478
720
665
730
525
935
693
435
662
333
766
267
722
10
148
154
706
771
204
137
72
149
499
289
533
166
848
875
926
976
782
75
267
210
331
434
478
552
355
211
271
655
389
288
603
336
89
884
862
700
165
778
821
630
391
786
938
266
29
972
969
250
237
15
834
295
926
609
575
934
29
541
511
404
439
231
785
499
966
42
532
501
271
367
324
184
718
594
472
284
759
650
348
463
479
732
912
874
858
24
881
576
603
700
198
724
319
412
232
225
259
401
817
17
802
852
269
926
317
350
602
310
231
396
267
136
293
842
511
927
399
575
660
161
198
43
268
564
636
268
775
551
758
294
637
765
338
550
901
537
494
594
613
258
293
627
430
305
304
25
139
545
536
666
84
683
220
432
559
87
514
512
416
888
586
425
880
574
437
342
172
289
727
925
795
68
821
328
650
846
654
89
568
905
895
45
115
433
470
16
101
112
7
732
735
25
519
533
856
421
842
120
729
624
314
247
405
677
880
284
421
344
586
371
676
892
234
309
404
687
607
995
774
152
913
672
800
674
754
705
398
171
606
736
421
578
729
852
769
670
64
376
312
842
657
198
736
924
692
958
486
988
601
645
50
505
580
757
852
507
868
877
336
550
145
142
22
68
161
179
716
640
123
741
71
721
194
767
964
514
600
862
357
10
360
296
187
254
505
570
119
62
92
38
647
853
340
190
205
315
369
997
851
671
717
616
779
81
776
747
846
515
553
946
571
647
668
599
264
646
781
629
628
116
665
318
716
491
465
734
550
547
130
576
966
672
729
746
34
16
482
473
102
253
344
641
592
878
794
159
908
827
974
938
26
603
630
306
826
733
208
569
755
734
723
273
627
399
685
821
711
131
749
765
313
44
340
304
646
435
718
666
791
624
372
612
768
286
833
635
175
866
717
749
14
762
68
208
268
16
176
192
72
999
943
386
633
572
767
682
125
329
365
364
603
105
650
883
839
105
482
186
594
381
161
228
96
741
834
544
333
591
265
132
196
245
317
80
972
949
408
544
261
562
648
897
349
89
366
329
791
429
501
748
753
74
444
359
457
510
191
567
736
50
699
770
268
866
46
863
842
152
778
792
777
391
443
473
635
256
720
908
198
140
927
978
308
332
62
353
884
966
279
4
285
209
696
851
415
766
658
635
703
253
85
502
421
602
905
326
144
426
293
773
455
990
216
567
417
46
227
243
978
80
927
640
721
201
499
531
872
280
441
611
590
639
139
595
696
474
149
86
136
616
418
818
746
745
534
592
657
637
637
594
547
148
934
963
818
687
270
875
346
753
549
59
572
777
505
902
441
161
567
375
375
141
719
17
712
705
686
958
453
120
344
786
911
692
433
344
332
500
489
497
83
126
195
179
219
47
999
917
146
35
236
271
753
638
188
863
859
17
541
318
514
246
300
325
45
536
555
669
5
671
524
298
824
97
20
109
582
756
823
125
764
768
31
705
712
235
406
606
437
944
591
844
378
637
443
426
255
975
972
5
905
588
813
316
472
421
219
61
158
245
550
451
477
682
247
769
947
262
3
186
186
364
86
285
376
136
290
970
235
900
594
96
668
718
703
883
320
262
540
970
136
987
528
502
51
892
862
244
195
381
569
222
409
511
344
486
414
65
93
43
527
220
395
988
90
900
287
284
130
507
519
146
509
82
524
927
924
874
236
117
293
621
215
425
243
927
875
982
947
120
92
414
505
639
845
938
466
681
571
436
509
163
670
705
76
38
911
901
700
771
86
670
625
85
296
670
684
935
462
739
240
525
563
236
430
202
684
605
534
56
767
769
1
333
330
638
644
12
269
181
321
163
546
691
54
780
744
795
702
865
761
273
668
322
551
526
932
729
381
930
296
804
529
683
423
492
217
537
105
932
920
396
863
576
246
209
319
726
433
323
766
768
736
264
574
455
618
687
101
5
474
476
538
498
470
197
425
241
490
363
258
579
821
784
238
6
233
822
872
49
106
457
460
571
111
647
794
731
256
383
685
339
745
434
629
798
537
260
673
110
721
531
494
66
38
975
953
51
316
360
865
111
889
339
318
177
913
187
943
233
977
961
788
438
740
384
215
519
234
873
975
690
86
695
950
865
507
933
831
346
738
429
688
138
82
204
403
548
475
542
506
337
277
324
477
618
546
694
663
927
964
632
582
68
225
463
612
427
872
701
509
58
513
92
414
320
192
433
538
94
754
682
544
554
660
337
829
988
122
141
176
473
603
892
427
470
583
582
501
104
464
677
716
561
603
87
844
637
427
624
757
710
634
561
78
890
310
983
431
962
752
282
288
228
74
603
652
62
83
20
454
544
95
694
408
952
992
481
793
641
895
563
159
593
492
275
295
514
382
294
419
683
290
491
334
41
303
77
289
237
206
684
667
77
846
871
10
181
189
544
576
554
465
535
126
349
496
505
875
89
805
322
128
389
160
909
762
272
554
655
894
739
372
772
292
543
922
140
840
244
321
219
642
889
584
588
287
768
481
219
400
448
431
23
374
406
374
623
611
32
187
456
567
585
425
604
267
366
108
22
160
149
76
361
294
409
704
744
88
968
952
83
395
361
305
635
610
675
236
517
294
322
157
73
84
11
560
96
570
54
296
351
355
217
370
193
654
647
90
232
144
662
260
489
249
698
462
649
269
839
81
496
557
690
667
53
52
485
451
155
291
182
818
821
738
701
502
737
887
886
428
600
379
225
476
384
134
511
413
773
545
639
802
513
664
804
438
403
470
12
921
932
596
471
291
519
668
617
314
857
926
137
277
308
588
554
181
132
431
373
674
203
626
549
547
412
391
657
658
646
663
50
662
15
661
192
898
809
626
839
256
170
789
904
719
575
977
590
476
167
708
219
674
657
476
376
149
168
311
338
681
488
608
690
197
389
396
363
821
963
833
910
188
865
264
399
300
169
86
226
304
334
47
218
547
551
750
789
222
340
326
372
540
10
547
348
548
267
705
210
866
494
450
246
684
790
138
311
843
712
940
106
974
789
763
25
980
585
938
716
679
988
806
192
828
502
555
784
625
589
754
774
913
680
787
535
518
700
645
283
446
42
482
869
897
229
136
245
157
356
124
294
626
361
946
93
515
495
752
558
341
73
684
680
188
445
606
9
472
472
27
472
495
333
440
490
906
763
200
969
924
78
440
396
717
511
435
938
213
187
211
709
534
546
200
870
797
250
709
856
595
740
730
336
352
20
6
145
140
627
653
356
648
656
71
608
794
536
245
314
247
649
690
589
327
692
399
617
682
513
266
436
572
185
98
184
719
642
283
946
751
251
440
256
599
141
864
979
735
397
360
543
692
246
246
831
991
42
507
467
614
153
459
14
89
99
403
408
7
561
821
467
617
466
691
499
548
64
817
754
880
32
971
972
789
152
643
3
423
418
891
988
569
773
866
128
374
873
555
620
190
746
594
443
408
95
866
903
371
163
400
252
864
892
982
926
62
458
947
568
560
297
576